[gd_scene load_steps=14 format=2]

[ext_resource path="res://scripts/main-menu.gd" type="Script" id=1]
[ext_resource path="res://assets/GUI/main_menu/main_menu_gui.tscn" type="PackedScene" id=2]
[ext_resource path="res://assets/cars/utandefx/Car.tscn" type="PackedScene" id=3]
[ext_resource path="res://assets/level/main-menu/moon2.png" type="Texture" id=4]
[ext_resource path="res://assets/textures/asphalt _normal.tres" type="Texture" id=5]

[sub_resource type="SpatialMaterial" id=1]
flags_disable_ambient_light = true
params_use_alpha_scissor = true
params_alpha_scissor_threshold = 0.9
albedo_texture = ExtResource( 4 )
emission_enabled = true
emission = Color( 1, 1, 1, 1 )
emission_energy = 1.0
emission_operator = 1
emission_on_uv2 = false
emission_texture = ExtResource( 4 )
uv1_scale = Vector3( 1.5, 1, 1 )

[sub_resource type="SphereMesh" id=2]
material = SubResource( 1 )
radius = 12.0
height = 24.0

[sub_resource type="OpenSimplexNoise" id=3]
period = 10.0

[sub_resource type="NoiseTexture" id=4]
seamless = true
as_normalmap = true
bump_strength = 20.0
noise = SubResource( 3 )

[sub_resource type="OpenSimplexNoise" id=5]
period = 10.0

[sub_resource type="NoiseTexture" id=6]
seamless = true
noise = SubResource( 5 )

[sub_resource type="SpatialMaterial" id=7]
flags_transparent = true
albedo_color = Color( 0.027451, 0.027451, 0.027451, 0.960784 )
roughness = 0.25
roughness_texture = ExtResource( 5 )
normal_enabled = true
normal_scale = 1.0
normal_texture = SubResource( 4 )
ao_enabled = true
ao_light_affect = 0.54
ao_on_uv2 = false
ao_texture_channel = 0
transmission_enabled = true
transmission = Color( 0, 0, 0, 1 )
transmission_texture = SubResource( 6 )
uv1_scale = Vector3( 2, 2, 2 )
uv1_triplanar = true
uv2_scale = Vector3( 2, 2, 2 )
uv2_triplanar = true

[sub_resource type="PlaneMesh" id=8]
material = SubResource( 7 )
size = Vector2( 1200, 1200 )
subdivide_width = 10
subdivide_depth = 10

[node name="main-menu" type="Spatial"]
pause_mode = 2
script = ExtResource( 1 )

[node name="GuiMain" parent="." instance=ExtResource( 2 )]

[node name="Car" parent="." instance=ExtResource( 3 )]
transform = Transform( -0.840103, 0, -0.542427, 0, 1, 0, 0.542427, 0, -0.840103, 0, 0, 0 )
sleeping = true
script = null

[node name="Moon" type="MeshInstance" parent="."]
transform = Transform( -0.434445, 0, -0.900698, 0, 1, 0, 0.900698, 0, -0.434445, 2.185, 13.435, -24.408 )
mesh = SubResource( 2 )
material/0 = null

[node name="Car2" parent="." instance=ExtResource( 3 )]
transform = Transform( -0.840103, 1.76745e-07, 0.542427, 0, -1, 3.25841e-07, 0.542427, 2.7374e-07, 0.840103, 0, -0.293748, 0 )
sleeping = true
script = null

[node name="Moon2" type="MeshInstance" parent="."]
transform = Transform( 0.819732, 1.86625e-07, 0.572747, 0, -1, 3.25841e-07, 0.572747, -2.67103e-07, -0.819732, 2.185, -13, -24.408 )
mesh = SubResource( 2 )
material/0 = null

[node name="Camera" type="Camera" parent="."]
transform = Transform( 0.994934, 0.00778293, 0.100233, 0, 0.996999, -0.0774151, -0.100535, 0.0770229, 0.991948, -3.033, 1.095, 6.397 )
current = true
near = 0.01
far = 1000.0

[node name="floor" type="MeshInstance" parent="."]
transform = Transform( 1, 0, 0, 0, 1, 0, 0, 0, 1, 0, -0.1, 0 )
mesh = SubResource( 8 )
material/0 = null

[node name="DirectionalLight" type="DirectionalLight" parent="."]
transform = Transform( 1, 0, 0, 0, -0.707107, 0.707107, 0, -0.707107, -0.707107, 30, 105.859, -38.563 )
shadow_enabled = true
[connection signal="close_game" from="GuiMain" to="." method="_on_guimain_close_game"]
[connection signal="start_new_game" from="GuiMain" to="." method="_on_guimain_start_new_game"]
